hnsw_dataset/vectorset_4.100K.fbin
START BUILDING INDEX

END BUILDING INDEX

Build Time: 325.248 sec

START QUERY
100
END QUERY
Query 0 KNN Results: 560 42060 59451 56964 95081 38142 91658 55402 26814 63644 75331 77430 93519 72317 60652 42061 80816 33722 42951 57568 50316 89954 38200 61493 89493 21316 44885 12037 22508 92178 7609 68224 18429 61214 63125 48532 75391 16325 59422 63120 28256 79480 18655 64862 86371 49489 50558 84109 77835 41909 70626 97818 25677 14397 59880 18218 33400 22537 45890 87068 59177 47242 3661 19937 83667 6261 41064 89149 46312 60614 11303 68148 58937 86788 90340 49936 11421 36077 15938 4677 39935 41615 26345 70431 88336 25267 27494 3081 46691 13312 41619 87692 77549 52392 8637 66520 65582 74550 91459 3159 
Query 1 KNN Results: 26883 69786 24118 37574 4146 40449 86724 25081 7438 86736 14310 87102 75183 47877 79391 30427 59389 79065 95196 82070 7035 82482 85167 79223 68553 50998 32128 91822 1260 42253 60715 20460 86913 88995 98573 93364 83468 33220 65234 74501 58436 92864 50468 89361 71116 28977 29073 27410 59819 24465 14666 93417 16037 4890 10600 46936 82490 27645 20217 82895 88377 69254 87769 25816 79 26738 38676 28072 94138 18536 13056 29449 44246 78366 1183 20680 79225 67067 51745 17179 66580 7462 24734 18243 33146 8467 33302 99813 38632 50363 7422 65373 81010 74527 46668 91912 30124 21138 43671 69353 
Query 2 KNN Results: 35337 31175 57454 18436 54927 73269 40304 39450 40109 24108 56958 43211 10614 55894 75859 55725 72526 18510 27855 50583 63522 39498 73946 97278 21695 9085 84507 55442 45052 38444 72124 20064 2070 40726 46844 95080 13215 26690 19238 67559 56655 40401 61243 56992 44245 70861 26947 75375 32391 95046 53077 53807 91039 66757 43068 20995 43057 48252 69242 69344 38249 33169 92778 95758 89188 5235 76209 127 64454 15863 64821 96309 82098 1481 55331 26235 30570 89747 56468 49801 24152 49112 15345 2939 66127 70471 81702 91413 40524 77828 62775 72021 33923 61061 18489 83086 85429 27548 3971 63917 
Query 3 KNN Results: 15264 59469 80037 99192 46027 86205 8851 53432 15108 32240 35881 31840 84118 81371 83381 33423 34657 14884 76243 1315 58380 57161 85714 37618 58097 88898 1765 90786 24542 94776 11717 59084 17706 66039 33891 7909 75998 38168 65001 10234 47936 99160 2181 98757 63770 18503 25964 92326 12722 50868 6102 52927 9973 79961 56112 29377 85979 48597 54970 74447 98881 10791 20631 17968 39041 12790 78016 25890 14851 45790 16369 77875 97815 46400 38187 92516 45087 88560 45660 66484 91650 69242 64762 21698 92683 68278 34693 64652 92480 10709 75762 25278 28108 26143 98900 51077 28390 19019 90 96307 
Query 4 KNN Results: 61413 80924 7757 35537 57064 19779 2185 61806 49911 41197 43098 9309 30716 30990 3440 72910 64261 59072 25659 81900 60296 54645 16175 29849 25195 74201 87455 38251 32633 98821 65214 26696 34100 89692 64131 33158 5725 52298 63199 99963 48070 16367 13851 90145 55824 16193 97076 72364 84918 68349 45009 94408 98964 73395 25641 35131 50623 10949 44345 51738 20816 86156 16990 95914 40876 73023 98796 51551 31135 93668 64625 98646 79685 98513 25735 5496 73522 87395 73748 92126 5414 48618 29075 85512 40433 83434 93531 6259 20151 61905 89686 58343 90147 80391 13349 53025 39704 75457 25105 75228 
Thread 1 hnsw_time: 3.57592 sec
Thread 2 hnsw_time: 0 sec
Thread 3 hnsw_time: 0 sec
Thread 4 hnsw_time: 0 sec
Thread 5 hnsw_time: 0 sec
Thread 6 hnsw_time: 0 sec
Thread 7 hnsw_time: 0 sec
Thread 8 hnsw_time: 0 sec
Thread 9 hnsw_time: 0 sec
Thread 10 hnsw_time: 0 sec
Thread 11 hnsw_time: 0 sec
Thread 12 hnsw_time: 0 sec
Thread 13 hnsw_time: 0 sec
Thread 14 hnsw_time: 0 sec
Thread 15 hnsw_time: 0 sec
Thread 16 hnsw_time: 0 sec
Thread 17 hnsw_time: 0 sec
Thread 18 hnsw_time: 0 sec
Thread 19 hnsw_time: 0 sec
Thread 20 hnsw_time: 0 sec
Thread 21 hnsw_time: 0 sec
Thread 22 hnsw_time: 0 sec
Thread 23 hnsw_time: 0 sec
Thread 24 hnsw_time: 0 sec
Thread 25 hnsw_time: 0 sec
Thread 26 hnsw_time: 0 sec
Thread 27 hnsw_time: 0 sec
Thread 28 hnsw_time: 0 sec
Thread 29 hnsw_time: 0 sec
Thread 30 hnsw_time: 0 sec
Thread 31 hnsw_time: 0 sec
Thread 32 hnsw_time: 0 sec
Thread 33 hnsw_time: 0 sec
Thread 34 hnsw_time: 0 sec
Thread 35 hnsw_time: 0 sec
Thread 36 hnsw_time: 0 sec
Thread 37 hnsw_time: 0 sec
Thread 38 hnsw_time: 0 sec
Thread 39 hnsw_time: 0 sec
Thread 40 hnsw_time: 0 sec
Query Time: 3.57592 sec
query/sec: 279.648

Total Duration: 328.825 sec
Average recall@K: 0.00099
