hnsw_dataset/vectorset_4.100K.fbin
START BUILDING INDEX

END BUILDING INDEX

Build Time: 331.442 sec

START QUERY
END QUERY
Query 0 KNN Results: 677 35411 60180 63347 92433 40388 88002 56288 25803 75532 72077 53750 62075 57282 69768 63904 71979 90293 70034 64982 43997 76892 34467 46241 53649 50449 86348 37209 86142 87339 21174 50208 12294 22485 89689 10840 71106 20371 62170 62718 49506 85311 16789 63262 61488 82945 15512 70995 90463 48325 47584 81348 75069 35248 67292 95139 28590 59059 18180 38144 23120 43135 83940 58565 48298 4240 19679 5883 46487 84642 45303 68643 12871 75570 62694 91757 89135 50565 11930 43169 14905 4501 35938 38851 24634 10709 69376 84484 1271 23099 27337 3077 44810 13296 43007 81560 81537 49248 7538 70483 
Query 1 KNN Results: 27422 64480 22896 42454 4052 39576 88908 23059 7072 82546 15968 82259 83932 52867 78553 30014 58595 76413 92166 85956 6288 86199 94311 78430 76299 51838 36899 92729 896 39233 57625 23503 90785 94133 96135 80203 37881 64054 70497 62019 91555 69952 47959 86749 70509 29388 26504 27248 56289 23215 14413 92266 16088 4607 10820 45636 86322 21132 76442 87242 77347 94576 28938 54 27385 39744 29606 88589 17935 12607 28608 40810 90047 1357 23856 75310 66149 54797 18085 74506 6864 634 25414 17678 33468 9221 33912 98463 40139 47268 6908 64122 90500 78758 46727 87417 30098 21074 45399 79051 
Query 2 KNN Results: 35311 30518 56458 18482 51422 81975 37901 41443 39214 25670 53434 36654 12302 59283 69602 60889 76492 18033 28169 47498 57892 38072 72426 93685 22571 10403 79659 58527 48503 38683 68560 19467 1851 36704 54832 90952 12795 27187 19441 66422 57717 33836 58131 56087 42885 69090 28363 85279 71258 32425 92403 54989 52484 94403 66157 36413 19058 45795 48202 65795 65929 36306 32376 89761 93052 85679 5100 72346 138 70476 15547 59246 98883 87371 1668 54045 27497 33427 86147 53858 44947 22810 45044 15540 2844 65132 67275 79838 85701 33979 82180 61714 68512 33459 59679 18606 77899 87956 29182 4285 
Query 3 KNN Results: 16811 53890 76888 98864 51438 82712 9086 52933 15475 32636 30288 31304 80950 85980 80384 32585 31536 13720 72407 1211 62147 61575 80846 38634 62632 93954 1657 87103 25783 90375 10788 66270 17683 73939 33841 7387 75061 37091 75011 10060 51601 94688 1958 97576 58241 18369 26316 87886 12204 50256 6137 49132 10064 73123 55142 27412 48416 58316 69942 97659 9661 22314 17121 37583 13943 71395 21123 14247 53479 16661 82296 97358 45339 35588 52623 86408 43403 61566 86613 65795 61019 20653 90251 71806 35953 68401 98551 10373 74207 26922 29689 51279 25928 96750 54986 28925 15843 42 95197 40368 
Query 4 KNN Results: 64788 84530 7161 40348 57716 20815 2283 64372 46879 40315 45823 9073 31027 37372 3265 68907 61340 55135 25371 80023 59000 53732 15301 27374 25215 70719 82706 37600 33388 97783 68479 28085 31977 85950 60247 31641 5767 51536 66819 99136 47149 16337 13261 86413 56487 16346 94868 68802 78139 78086 47419 91272 96852 70410 28744 37767 54734 11159 43855 48620 22476 89462 16622 93398 43071 77382 98354 45968 36508 91535 63546 44134 99434 74445 92922 26013 5136 78168 82204 70717 95068 6256 52218 28272 62240 86420 42693 78494 92008 6046 17089 57379 94120 57499 85328 84465 12950 51685 38820 76225 
Thread 1 hnsw_time: 3.52752 sec
Thread 2 hnsw_time: 0 sec
Thread 3 hnsw_time: 0 sec
Thread 4 hnsw_time: 0 sec
Thread 5 hnsw_time: 0 sec
Thread 6 hnsw_time: 0 sec
Thread 7 hnsw_time: 0 sec
Thread 8 hnsw_time: 0 sec
Thread 9 hnsw_time: 0 sec
Thread 10 hnsw_time: 0 sec
Thread 11 hnsw_time: 0 sec
Thread 12 hnsw_time: 0 sec
Thread 13 hnsw_time: 0 sec
Thread 14 hnsw_time: 0 sec
Thread 15 hnsw_time: 0 sec
Thread 16 hnsw_time: 0 sec
Thread 17 hnsw_time: 0 sec
Thread 18 hnsw_time: 0 sec
Thread 19 hnsw_time: 0 sec
Thread 20 hnsw_time: 0 sec
Thread 21 hnsw_time: 0 sec
Thread 22 hnsw_time: 0 sec
Thread 23 hnsw_time: 0 sec
Thread 24 hnsw_time: 0 sec
Thread 25 hnsw_time: 0 sec
Thread 26 hnsw_time: 0 sec
Thread 27 hnsw_time: 0 sec
Thread 28 hnsw_time: 0 sec
Thread 29 hnsw_time: 0 sec
Thread 30 hnsw_time: 0 sec
Thread 31 hnsw_time: 0 sec
Thread 32 hnsw_time: 0 sec
Thread 33 hnsw_time: 0 sec
Thread 34 hnsw_time: 0 sec
Thread 35 hnsw_time: 0 sec
Thread 36 hnsw_time: 0 sec
Thread 37 hnsw_time: 0 sec
Thread 38 hnsw_time: 0 sec
Thread 39 hnsw_time: 0 sec
Thread 40 hnsw_time: 0 sec
Query Time: 3.52752 sec
query/sec: 283.485

Total Duration: 334.97 sec
Average recall@K: 0.00097
