hnsw_dataset/vectorset_4.100K.fbin
START BUILDING INDEX
..........
END BUILDING INDEX

Build Time: 2396.92 sec

START QUERY
100
END QUERY
Query 0 KNN Results: 97511 55995 79005 74766 58473 62180 20641 53853 89362 35779 99244 11315 4047 23916 69398 29115 69450 77238 74214 96647 36062 91967 43361 93682 63870 78780 62135 65900 50579 81577 77134 8024 53668 95564 39800 97759 956 24255 82986 49079 16545 81240 26738 99579 47973 36513 66498 70685 54543 62939 89259 24720 1215 74490 39432 55991 76685 53164 58539 38985 2945 45572 428 21084 77075 38967 23702 37600 74942 3246 7991 96356 22651 53577 47142 1148 99158 16259 35302 89363 44124 83039 2212 38738 17793 80116 85930 25455 70987 65389 40259 9217 64636 85598 30687 5076 61104 67838 28543 7083 
Query 1 KNN Results: 80686 14143 40574 18527 42606 8490 59719 73095 77688 42044 82883 92119 89566 18787 1940 88239 11430 39464 44599 24619 89846 1936 89380 81299 18395 82312 12529 13500 46456 33061 44723 97381 67386 47276 11989 53378 9084 21771 36487 17251 76748 46212 74615 26745 48280 13183 30685 41402 28464 40583 7860 9760 2889 30117 42779 31145 44609 5842 13146 10495 6965 27155 89407 94832 93226 62502 23178 28471 10913 58212 14722 30454 7820 713 6045 84739 45025 33070 91925 31642 58813 37931 99308 25178 23133 20439 25841 37720 88344 52452 76201 45167 31594 99728 34498 26159 69825 25763 78030 88620 
Query 2 KNN Results: 48441 758 73871 92980 76307 89518 13447 35997 65948 35616 21341 56024 35285 36423 86802 18997 12939 23205 76207 86500 60930 31802 52331 23056 52734 69631 58907 93736 48516 41704 12973 67551 63464 83839 3478 94517 92342 70324 48225 25486 1649 81442 55956 21447 11371 78601 74184 35687 99578 41721 81760 88306 74765 43854 1317 59856 16631 56020 73000 96159 26193 56698 41641 45918 65783 67210 85804 4819 62115 65115 21816 57502 89247 20384 14021 82474 92549 1356 34760 38157 93368 62129 28675 46358 13675 45565 6161 92891 70073 9108 56731 31984 6384 7174 55959 34583 11509 64226 8333 8982 
Query 3 KNN Results: 52888 13888 76903 77474 53698 12049 67728 11289 42887 48363 55847 8281 52019 19638 4501 65788 63324 72853 21817 58995 96552 69661 28445 96582 97377 95035 52169 38117 42247 266 99098 77944 99294 48407 60178 16848 8432 84357 95246 28747 87419 22551 74940 13994 7957 25659 69837 7811 66208 27647 27742 86894 11349 45696 16203 93976 71764 57482 55257 83037 5431 78470 35336 86851 55610 30364 60392 29583 17392 5903 39809 83784 32157 76094 22183 56698 91578 50520 57287 44254 34248 34975 5258 66811 83149 58214 13826 30655 67401 33898 80724 62948 1 28640 72653 32372 65974 62401 1510 99578 
Query 4 KNN Results: 29136 24579 174 18478 78945 35507 72554 44084 41170 8507 96160 5225 80779 98384 65076 46740 61515 91438 30641 31988 8964 31335 376 85705 15612 91807 22087 30941 43333 74945 44175 10666 75806 52144 76518 90829 85143 73751 34212 52482 78701 77910 12825 52154 78916 87904 62342 41710 87013 84435 28646 77263 67404 56804 18189 83419 28842 92788 8588 21218 18047 49732 27912 4828 38521 96959 27462 56237 33389 32284 11551 2472 69509 87375 43148 45122 19446 69703 11752 79897 35144 33834 704 63166 82155 58527 69604 27284 30153 62977 56511 29918 73895 69780 37042 50321 1296 30975 79418 58132 
Thread 1 hnsw_time: 10.2883 sec
Thread 2 hnsw_time: 0 sec
Thread 3 hnsw_time: 0 sec
Thread 4 hnsw_time: 0 sec
Thread 5 hnsw_time: 0 sec
Thread 6 hnsw_time: 0 sec
Thread 7 hnsw_time: 0 sec
Thread 8 hnsw_time: 0 sec
Thread 9 hnsw_time: 0 sec
Thread 10 hnsw_time: 0 sec
Thread 11 hnsw_time: 0 sec
Thread 12 hnsw_time: 0 sec
Thread 13 hnsw_time: 0 sec
Thread 14 hnsw_time: 0 sec
Thread 15 hnsw_time: 0 sec
Thread 16 hnsw_time: 0 sec
Thread 17 hnsw_time: 0 sec
Thread 18 hnsw_time: 0 sec
Thread 19 hnsw_time: 0 sec
Thread 20 hnsw_time: 0 sec
Thread 21 hnsw_time: 0 sec
Thread 22 hnsw_time: 0 sec
Thread 23 hnsw_time: 0 sec
Thread 24 hnsw_time: 0 sec
Thread 25 hnsw_time: 0 sec
Thread 26 hnsw_time: 0 sec
Thread 27 hnsw_time: 0 sec
Thread 28 hnsw_time: 0 sec
Thread 29 hnsw_time: 0 sec
Thread 30 hnsw_time: 0 sec
Thread 31 hnsw_time: 0 sec
Thread 32 hnsw_time: 0 sec
Thread 33 hnsw_time: 0 sec
Thread 34 hnsw_time: 0 sec
Thread 35 hnsw_time: 0 sec
Thread 36 hnsw_time: 0 sec
Thread 37 hnsw_time: 0 sec
Thread 38 hnsw_time: 0 sec
Thread 39 hnsw_time: 0 sec
Thread 40 hnsw_time: 0 sec
Query Time: 10.2883 sec
query/sec: 97.198

Total Duration: 2407.22 sec
Average recall@K: 0.91112
