hnsw_dataset/vectorset_4.100K.fbin
START BUILDING INDEX

END BUILDING INDEX

Build Time: 313.967 sec

START QUERY
END QUERY
Query 0 KNN Results: 572 41667 61932 57670 92124 37396 86724 55362 25544 92251 52309 63391 56141 73700 63786 75801 92679 69136 66803 44404 78318 34378 46309 52936 52276 84857 38043 88311 21778 45930 12898 22189 87201 10009 68896 19527 60886 64988 49463 84820 17999 62868 62023 29294 79615 16660 65368 86451 49014 46968 80622 73683 41514 69704 96070 26686 56425 18583 35149 42734 85792 55669 47502 3667 20294 6172 42574 89435 46376 67347 12895 69335 58811 90563 47530 11648 40440 16143 4679 37474 41473 23910 70088 84631 24673 29254 3469 44855 13090 40387 84317 77062 48764 8735 70082 72549 93216 3503 97345 14723 
Query 1 KNN Results: 27006 63587 22730 40581 4528 40977 86584 23681 7912 81828 15351 84195 77860 51458 79056 26691 57008 74823 93431 81326 7086 82582 87991 78909 70107 51753 35548 91996 1066 38176 60324 21788 86253 97392 97447 94364 79204 34952 64817 71294 61870 94094 50289 85697 69212 30049 26438 29168 55276 23129 14861 92111 16284 4728 11597 48508 81764 24939 20092 79467 84641 71091 90616 28297 97 27637 37435 26765 85068 18726 13248 27776 42977 86985 1142 22144 76741 69270 50793 16073 73703 8043 681 25668 17588 33480 8005 30147 97873 40754 49529 7222 67255 90848 76386 90291 30854 21749 40508 76010 
Query 2 KNN Results: 36189 29482 55658 17991 53617 75674 36151 41491 40006 25850 53248 42829 12328 59146 73276 60143 74519 17112 28562 49711 60502 37980 75829 94381 22236 9118 82465 54797 48491 39036 67282 18381 1935 37462 52104 92876 13498 28130 20477 67116 57543 40053 57856 54562 45243 68093 28660 84801 67943 70077 28669 92107 52814 53191 92263 68665 42697 19821 47296 47494 70837 64496 38105 33150 91274 94682 84135 4506 73175 63 64969 15296 58819 97816 84265 1659 54762 24761 33913 84634 56583 44882 22781 47619 14573 2946 65710 72311 83684 56859 87968 40178 79704 59975 67731 34274 61153 18976 81733 85510 
Query 3 KNN Results: 15189 53403 78376 99880 46797 81572 8471 51195 15280 33240 35426 31865 81904 86910 81537 33489 32085 14047 73208 1326 58219 62950 83816 36434 64234 97319 1523 88040 23134 89890 9954 64931 18152 73134 34890 7660 77288 38752 72028 9692 48962 98047 2069 98400 57746 18901 27013 90662 12906 50374 5477 51823 9179 76940 53731 28189 88652 50584 57747 72768 99919 10655 21526 18060 40057 14349 75208 25661 15022 63828 50768 16448 82693 99225 45379 37006 87405 50019 90622 45135 64775 88043 70837 62663 21180 94986 68047 31825 67537 95534 10904 74710 26024 26818 27757 97775 53735 28516 42761 16873 
Query 4 KNN Results: 64589 81031 7038 38638 59537 21508 1826 61746 45950 41528 47383 9720 30661 35202 2847 72360 61358 56901 27095 83946 60424 56319 13758 28619 25466 71693 83664 40009 33622 98548 65220 26698 33761 87018 62424 33363 5838 50948 66154 98499 49244 16692 12572 87546 58107 15143 92725 67596 81967 74918 44455 93761 97855 75217 27039 35897 52807 10479 44892 48029 21454 86390 15995 95068 39031 80144 96757 51586 34846 95650 61689 99224 77836 96818 26188 5544 78527 85603 69677 97118 6224 51300 27466 85764 39563 81248 89909 6203 17945 62959 96285 56719 88539 84053 13276 52353 41277 78433 23665 72746 
Thread 1 hnsw_time: 3.98907 sec
Thread 2 hnsw_time: 0 sec
Thread 3 hnsw_time: 0 sec
Thread 4 hnsw_time: 0 sec
Thread 5 hnsw_time: 0 sec
Thread 6 hnsw_time: 0 sec
Thread 7 hnsw_time: 0 sec
Thread 8 hnsw_time: 0 sec
Thread 9 hnsw_time: 0 sec
Thread 10 hnsw_time: 0 sec
Thread 11 hnsw_time: 0 sec
Thread 12 hnsw_time: 0 sec
Thread 13 hnsw_time: 0 sec
Thread 14 hnsw_time: 0 sec
Thread 15 hnsw_time: 0 sec
Thread 16 hnsw_time: 0 sec
Thread 17 hnsw_time: 0 sec
Thread 18 hnsw_time: 0 sec
Thread 19 hnsw_time: 0 sec
Thread 20 hnsw_time: 0 sec
Thread 21 hnsw_time: 0 sec
Thread 22 hnsw_time: 0 sec
Thread 23 hnsw_time: 0 sec
Thread 24 hnsw_time: 0 sec
Thread 25 hnsw_time: 0 sec
Thread 26 hnsw_time: 0 sec
Thread 27 hnsw_time: 0 sec
Thread 28 hnsw_time: 0 sec
Thread 29 hnsw_time: 0 sec
Thread 30 hnsw_time: 0 sec
Thread 31 hnsw_time: 0 sec
Thread 32 hnsw_time: 0 sec
Thread 33 hnsw_time: 0 sec
Thread 34 hnsw_time: 0 sec
Thread 35 hnsw_time: 0 sec
Thread 36 hnsw_time: 0 sec
Thread 37 hnsw_time: 0 sec
Thread 38 hnsw_time: 0 sec
Thread 39 hnsw_time: 0 sec
Thread 40 hnsw_time: 0 sec
Query Time: 3.98907 sec
query/sec: 250.685

Total Duration: 318.009 sec
Average recall@K: 0.00099
