hnsw_dataset/vectorset_1.100K.fbin
START BUILDING INDEX
..........
END BUILDING INDEX

Build Time: 498.71 sec

START QUERY
END QUERY
Query 0 KNN Results: 76347 21482 83737 38204 84628 71709 90901 60065 38846 67467 73113 76005 31043 8342 48600 35579 41567 28110 48902 32973 59400 65655 1598 99009 62828 44629 99701 32726 86279 56593 26164 72635 7462 35204 75256 9184 4074 97212 64446 31384 71069 19324 76248 60947 8803 45344 5784 16038 45819 60409 81037 78837 95852 55610 51749 71330 29786 46838 12051 79671 17186 76067 80438 33813 70417 34433 16656 72451 89821 74728 2382 3846 92820 92613 94565 25763 50804 31531 23789 56436 95788 73769 47971 64811 90932 67512 15130 63160 82509 83723 95394 46107 40878 77743 41180 57950 37120 50353 15027 3839 
Query 1 KNN Results: 51113 4194 54828 61926 54337 69196 64804 10622 33842 98661 60995 66110 64416 27452 38700 21003 30105 92191 8972 28803 8821 74463 53397 64821 79895 44643 87737 43630 8190 76639 58852 14589 15178 99134 64591 49748 19817 3108 66289 5208 40526 827 97382 88575 3686 71757 70293 25581 68259 11252 64008 84232 96633 4538 46376 19037 54618 8165 22864 97360 63215 98406 59585 29572 99670 33906 1856 78758 79336 6823 75286 92403 97321 1629 96839 98186 61397 94164 82857 43145 49568 44701 41687 52477 4527 23083 11197 63697 16372 19862 27645 69497 72777 19741 86036 45108 96270 2348 38462 92044 
Query 2 KNN Results: 42411 85105 12953 34525 87653 37143 21590 39360 60927 89426 86127 54798 23792 74517 62217 88804 12761 33193 52446 53953 25046 15827 82695 83176 20992 31277 79430 4385 54964 54436 33644 39500 93993 33683 58140 94310 69260 80567 34978 64518 25588 68703 57806 15482 75246 55339 70199 32104 49055 29257 77982 87335 59375 71585 9279 42023 49634 32205 44619 17178 23350 60241 45454 26692 23905 62270 70764 56608 35660 91143 10152 24680 60670 32972 71838 8146 85542 48256 10039 4547 84656 97112 50457 72530 88171 94866 44708 33974 89285 19002 4626 65135 12815 80392 49339 23639 83006 3887 93223 80926 
Query 3 KNN Results: 10027 6791 66990 94663 4761 71812 94069 53992 86880 47345 62718 9505 20545 7789 58078 27737 98693 67757 20670 7451 77405 62350 20465 99507 38299 63949 78656 46186 17087 64047 10442 26684 67475 71173 37500 53757 49756 20218 71763 83428 26692 36965 89757 97531 30646 22749 5782 26876 12518 32641 45388 98188 33319 88999 44228 20904 77440 64491 77528 68938 57292 63436 20923 38346 44586 49653 77866 67761 10586 36781 95492 49294 98066 97672 75683 42071 1858 22316 71161 7257 14551 72533 45285 34467 85193 4531 4401 91152 2680 94801 58739 16477 41698 99960 15688 31552 93114 33745 3904 78163 
Query 4 KNN Results: 98074 70326 99155 94331 48515 22257 6572 44232 35604 14382 42987 98391 64769 85746 50764 84520 6773 69402 95353 2478 32997 2375 70655 66989 69570 35091 81586 65089 78198 81270 3128 98162 29644 75278 59703 85807 83160 25209 51326 79117 5979 42794 37627 39401 54024 10798 52737 27232 22497 81310 6707 97239 77470 26142 35464 87190 57633 66153 76535 61672 94850 41563 90055 63871 58417 9817 14701 37301 75557 33288 25156 81007 2529 83099 88376 66533 80966 29753 47731 50084 10089 54906 10244 36391 61716 62371 70117 88496 28187 57081 43540 97670 998 49781 48885 54154 45827 70544 68713 7179 
Thread 1 hnsw_time: 3.42923 sec
Thread 2 hnsw_time: 0 sec
Thread 3 hnsw_time: 0 sec
Thread 4 hnsw_time: 0 sec
Thread 5 hnsw_time: 0 sec
Thread 6 hnsw_time: 0 sec
Thread 7 hnsw_time: 0 sec
Thread 8 hnsw_time: 0 sec
Thread 9 hnsw_time: 0 sec
Thread 10 hnsw_time: 0 sec
Thread 11 hnsw_time: 0 sec
Thread 12 hnsw_time: 0 sec
Thread 13 hnsw_time: 0 sec
Thread 14 hnsw_time: 0 sec
Thread 15 hnsw_time: 0 sec
Thread 16 hnsw_time: 0 sec
Thread 17 hnsw_time: 0 sec
Thread 18 hnsw_time: 0 sec
Thread 19 hnsw_time: 0 sec
Thread 20 hnsw_time: 0 sec
Thread 21 hnsw_time: 0 sec
Thread 22 hnsw_time: 0 sec
Thread 23 hnsw_time: 0 sec
Thread 24 hnsw_time: 0 sec
Thread 25 hnsw_time: 0 sec
Thread 26 hnsw_time: 0 sec
Thread 27 hnsw_time: 0 sec
Thread 28 hnsw_time: 0 sec
Thread 29 hnsw_time: 0 sec
Thread 30 hnsw_time: 0 sec
Thread 31 hnsw_time: 0 sec
Thread 32 hnsw_time: 0 sec
Thread 33 hnsw_time: 0 sec
Thread 34 hnsw_time: 0 sec
Thread 35 hnsw_time: 0 sec
Thread 36 hnsw_time: 0 sec
Thread 37 hnsw_time: 0 sec
Thread 38 hnsw_time: 0 sec
Thread 39 hnsw_time: 0 sec
Thread 40 hnsw_time: 0 sec
Query Time: 3.42923 sec
query/sec: 291.611

Total Duration: 502.14 sec
Average recall@K: 0.90869
